0010000000100000001000000010000000100000001000000010000000100000001000000010000000100000001000000010000000100000001000000010000000100000001000000010000000100000001000000010000000100000001000000010000000100000001000000010000000100000001000000010000000
1000000010000000100000001000000010000000100000001000000010000000100000001000000010000000100000001000000010000000100000001000000010000000100000001000000010000000100000001000000010000000100000001000000010000000100000001000000010000000100000001000000010
0000001000000010000000100000001000000010000000100000001000000010000000100000001000000010000000100000001000000010000000100000001000000010000000100000001000000010000000100000001000000010000000100000001000000010000000100000001000000010000000100000001000
0000100000001000000010000000100000001000000010000000100000001000000010000000100000001000000010000000100000001000000010000000100000001000000010000000100000001000000010000000100000001000000010000000100000001000000010000000100000001000000010000000100000
0010000000100000001000000010000000100000001000000010000000100000001000000010000000100000001000000010000000100000001000000010000000100000001000000010000000100000001000000010000000100000001000000010000000100000001000000010000000100000001000000010000000
1000000010000000100000001000000010000000100000001000000010000000100000001000000010000000100000001000000010000000100000001000000010000000100000001000000010000000100000001000000010000000100000001000000010000000100000001000000010000000100000001000000010
0000001000000010000000100000001000000010000000100000001000000010000000100000001000000010000000100000001000000010000000100000001000000010000000100000001000000010000000100000001000000010000000100000001000000010000000100000001000000010000000100000001000
0000100000001000000010000000100000001000000010000000100000001000000010000000100000001000000010000000100000001000000010000000100000001000000010000000100000001000000010000000100000001000000010000000100000001000000010000000100000001000000010000000100000
0010000000100000001000000010000000100000001000000010000000100000001000000010000000100000001000000010000000100000001000000010000000100000001000000010000000100000001000000010000000100000001000000010000000100000001000000010000000100000001000000010000000
1000000010000000100000001000000010000000100000001000000010000000100000001000000010000000100000001000000010000000100000001000000010000000100000001000000010000000100000001000000010000000100000001000000010000000100000001000000010000000100000001000000010
0000001000000010000000100000001000000010000000100000001000000010000000100000001000000010000000100000001000000010000000100000001000000010000000100000001000000010000000100000001000000010000000100000001000000010000000100000001000000010000000100000001000
0000100000001000000010000000100000001000000010000000100000001000000010000000100000001000000010000000100000001000000010000000100000001000000010000000100000001000000010000000100000001000000010000000100000001000000010000000100000001000000010000000100000
0010000000100000001000000010000000100000001000000010000000100000001000000010000000100000001000000010000000100000001000000010000000100000001000000010000000100000001000000010000000100000001000000010000000100000001000000010000000100000001000000010000000
1000000010000000100000001000000010000000100000001000000010000000100000001000000010000000100000001000000010000000100000001000000010000000100000001000000010000000100000001000000010000000100000001000000010000000100000001000000010000000100000001000000010
0000001000000010000000100000001000000010000000100000001000000010000000100000001000000010000000100000001000000010000000100000001000000010000000100000001000000010000000100000001000000010000000100000001000000010000000100000001000000010000000100000001000
0000100000001000000010000000100000001000000010000000100000001000000010000000100000001000000010000000100000001000000010000000100000001000000010000000100000001000000010000000100000001000000010000000100000001000000010000000100000001000000010000000100000
0010000000100000001000000010000000100000001000000010000000100000001000000010000000100000001000000010000000100000001000000010000000100000001000000010000000100000001000000010000000100000001000000010000000100000001000000010000000100000001000000010000000
1000000010000000100000001000000010000000100000001000000010000000100000001000000010000000100000001000000010000000100000001000000010000000100000001000000010000000100000001000000010000000100000001000000010000000100000001000000010000000100000001000000010
0000001000000010000000100000001000000010000000100000001000000010000000100000001000000010000000100000001000000010000000100000001000000010000000100000001000000010000000100000001000000010000000100000001000000010000000100000001000000010000000100000001000
0000100000001000000010000000100000001000000010000000100000001000000010000000100000001000000010000000100000001000000010000000100000001000000010000000100000001000000010000000100000001000000010000000100000001000000010000000100000001000000010000001010010
0110110100111001011110010100100101001000010010100110110001011001010101110111100001111010010010010100100001101100011010000110001001000111011101110111010101001001010001010110100001101000011000110111100101000010011010000110001001101110011011000111011001
1000100110110101010101011001110110001101101101010101100110100001100010010001110111100000110101010010010100011101001010011011000101101001010111001101000110011101011010011011010100011001111001010010010100011101000110011110100100100101000111010100100110
1100010110010011001001101100011010110101101001010111010100010110011101100100010001110011100001100111011001000101100001001110011011000100100101000110011010000101000001010101011010010100001001101100011001000110110101010110011101010100100101000111011001
0001110110010010010100100001100100011010000110001001101110010100010110011101100100010001110011100001100111010110100100011100111000011001110110001001000111001110010111011001100001011110010100001001110100011000100011001101001010011011000100100101000111
0111100001110000011000010011001001010101001011110100100101000110011011000111011001100100010100110110010000110010010110100101001101000010011011100110001000110011010100010110011101100100010001110011100001100111010110100101100001011010011011000110001001
1010010100001001101111010110010101100001011010011011000100100101000111010010100110110001011010010101110011010001100111011000010011001001101100011010110101101001000111011011000111010101011010011110010100001001110100010110100101001101000010001100110110
0001010110000101001001101111010010010100100001010010011011110110000101011000010011010110011101010101010001010100011001001111010011000110100101000010010010100100101000110011010110100110110001001001010001110100101001101100010110100101011100110100011001
1101011010011011100101011001111001011001000100011101101000011011000110001101101001010000100110110001100100011011010101011001110101010010010100011100110001011101100110001101101101010101010110011101011010010001110101011001101010011000010101011101010010
0110110001011010010000110100001000110000011000100111100101000010001100010110001100110010010101010110011101011010010110000101101001101100011000100110100101000010011011100110001001111001010000100111010101011010010101110101011001101011010010010100100001
0100100111011001001001010001110101001001110110010010010100011101111000011101100110001000110010011100110110011101100010010101110011100101111001010110100101001101000010011010000110001101111001010000100110100001100010011011100110110001110110011000100110
1101010101010110011101011001001100100100011001110101010010010100011101011010011101100110001101101001010000100101001101100100010101110111100001101100011000110111100101000010011010000110001001101101010100010110011101011010010110000101101001101100011000
1001101001010000100111010001100010001100110100101001101100010010010100100001010010011011110101100101010111001101000110011101010101010010000100101001110000011001010110110101010110011110100100100101000111011010000110100001100100011011010101010101100111
0101100101101101010101100110110001100010011010010100001000110000011000010100011101010101011001110101010000110011010110100110110001100011011011100101101001110000010110100101100001100100011110100100110001101001010000100100010001011001010101110011010001
1001110110010101010111001110010011000101001001010010000100101001101100010110010101011101111000011100110110010101010011010000100110100101011010010100110100001001101101010110010101100001001001011001110101101001101110010010100111011001100010010100110100
0010010100000110001101101101010100100110110001100011011011010110110001110101010110100111100101000010011011000110010001101101010101100111010101001001010001110100011001111010010010010100011101010010011011000101100100110010011011000110101101011010010101
1101010001011001110110000101000111010001100111001101011010011010010100001001101000011000110111100101000010011101000110010001010111010011100110111101001001010010000101001001110110010010010100100001010110011110100101101001010011010000100100010101100001
0101011101100100011100000110010001001000010011010110011101011010001100100011100001100111011001000011001001101100011110100110000101000011010000100110110101100010001100110100100101100111011001000100011101101000011010000110010001000100001110000011110100
1000000010000000100000001000000010000000100000001000000010000000100000001000000010000000100000001000000010000000100000001000000010000000100000001000000010000000100000001000000010000000100000001000000010000000100000001000000010000000100000001000000010
0000001000000010000000100000001000000010000000100000001000000010000000100000001000000010000000100000001000000010000000100000001000000010000000100000001000000010000000100000001000000010000000100000001000000010000000100000001000000010000000100000001000
0000100000001000000010000000100000001000000010000000100000001000000010000000100000001000000010000000100000001000000010000000100000001000000010000000100000001000000010000000100000001000000010000000100000001000000010000000100000001000000010000000100000
0010000000100000001000000010000000100000001000000010000000100000001000000010000000100000001000000010000000100000001000000010000000100000001000000010000000100000001000000010000000100000001000000010000000100000001000000010000000100000001000000010000000
1000000010000000100000001000000010000000100000001000000010000000100000001000000010000000100000001000000010000000100000001000000010000000100000001000000010000000100000001000000010000000100000001000000010000000100000001000000010000000100000001000000010
0000001000000010000000100000001000000010000000100000001000000010000000100000001000000010000000100000001000000010000000100000001000000010000000100000001000000010000000100000001000000010000000100000001000000010000000100000001000000010000000100000001000
0000100000001000000010000000100000001000000010000000100000001000000010000000100000001000000010000000100000001000000010000000100000001000000010000000100000001000000010000000100000001000000010000000100000001000000010000000100000001000000010000000100000
0010000000100000001000000010000000100000001000000010000000100000001000000010000000100000001000000010000000100000001000000010000000100000001000000010000000100000001000000010000000100000001000000010000000100000001000000010000000100000001000000010000000
1000000010000000100000001000000010000000100000001000000010000000100000001000000010000000100000001000000010000000100000001000000010000000100000001000000010000000100000001000000010000000100000001000000010000000100000001000000010000000100000001000000010
0000001000000010000000100000001000000010000000100000001000000010000000100000001000000010000000100000001000000010000000100000001000000010000000100000001000000010000000100000001000000010000000100000001000000010000000100000001000000010000000100000001000
0000100000001000000010000000100000001000000010000000100000001000000010000000100000001000000010000000100000001000000010000000100000001000000010000000100000001000000010000000100000001000000010000000100000001000000010000000100000001000000010000000100000
0010000000100000001000000010000000100000001000000010000000100000001000000010000000100000001000000010000000100000001000000010000000100000001000000010000000100000001000000010000000100000001000000010000000100000001000000010000000100000001000000010000000
1000000010000000100000001000000010000000100000001000000010000000100000001000000010000000100000001000000010000000100000001000000010000000100000001000000010000000100000001000000010000000100000001000000010000000100000001000000010000000100000001000000010
0000001000000010000000100000001000000010000000100000001000000010000000100000001000000010000000100000001000000010000000100000001000000010000000100000001000000010000000100000001000000010000000100000001000000010000000100000001000000010000000100000001000
0000100000001000000010000000100000001000000010000000100000001000000010000000100000001000000010000000100000001000000010000000100000001000000010000000100000001000000010000000100000001000000010000000100000001000000010000000100000001000000010000
